www.ucll.be/studeren/student-aan-ucll/diensten-voor-studenten/diensten-voor-studenten-leuven,www.ucll.be/studeren/student-aan-ucll/diensten-voor-studenten/diensten-voor-studenten-leuven-0/sport-leuven
www.alma.be/nl,www.alma.be/nl/restaurant/alma-3
sporza.be/cm/sporza,sporza.be/cm/sporza/voetbal/Jupiler_Pro_League
joglog.azurewebsites.net,joglog.azurewebsites.net/Jogging/List
stratenlopen.be,stratenlopen.be/calendar.php
sporza.be/cm/sporza/voetbal,sporza.be/cm/sporza/voetbal/Jupiler_Pro_League/2.5199
www.alma.be/nl/campusarenberg,www.alma.be/nl/campusarenberg
www.ucll.be/studeren,www.ucll.be/studeren/student-aan-ucll/campussen/campus-hertogstraat/sporthal/sportaanbod-heverlee
joglog.azurewebsites.net/JogLiga,joglog.azurewebsites.net/JogLiga
stratenlopen.be/index.php,stratenlopen.be/index.php
www.kuleuven.be/sport/sportaanbod/individuele-sporten/badminton,www.kuleuven.be/sport/sportaanbod/individuele-sporten/badminton
sporza.be/cm/sporza/voetbal/Jupiler_Pro_League,sporza.be/cm/sporza/voetbal/Jupiler_Pro_League/2.5199
runkeeper.com/home,runkeeper.com/home
deredactie.be/cm/vrtnieuws/buitenland,deredactie.be/cm/vrtnieuws/buitenland/Amerika-kiest
deredactie.be/cm/vrtnieuws,deredactie.be/cm/vrtnieuws/cultuur%2Ben%2Bmedia/film
cuetracker.net/Statistics/Centuries/Most-Made/All-time,cuetracker.net/Statistics/Centuries/Most-Made/All-time
sporza.be/cm/sporza,sporza.be/cm/sporza/voetbal/Jupiler_Pro_League
stratenlopen.be/calendar.php,stratenlopen.be/calendar.php
runkeeper.com/home,runkeeper.com/home
joglog.azurewebsites.net,joglog.azurewebsites.net/Jogging/List
joglog.azurewebsites.net,joglog.azurewebsites.net/Jogging/List
sporza.be/cm/sporza,sporza.be/cm/sporza/voetbal/Jupiler_Pro_League
deredactie.be/cm/vrtnieuws/cultuur%2Ben%2Bmedia,deredactie.be/cm/vrtnieuws/cultuur%2Ben%2Bmedia/film
www.ucll.be/studeren/student-aan-ucll/diensten-voor-studenten/diensten-voor-studenten-leuven-0/sport-leuven,www.ucll.be/studeren/student-aan-ucll/diensten-voor-studenten/diensten-voor-studenten-leuven-0/sport-leuven
www.worldsnooker.com,www.worldsnooker.com/news
stratenlopen.be,stratenlopen.be/calendar.php
deredactie.be/cm/vrtnieuws/cultuur%2Ben%2Bmedia/film,deredactie.be/cm/vrtnieuws/cultuur%2Ben%2Bmedia/film
www.kuleuven.be/sport,www.kuleuven.be/sport/sportaanbod/individuele-sporten/badminton
www.ucll.be,www.ucll.be/studeren/student-aan-ucll/campussen/campus-hertogstraat/sporthal/sportaanbod-heverlee
cuetracker.net,cuetracker.net/Statistics
sporza.be/cm/sporza,sporza.be/cm/sporza/voetbal/Jupiler_Pro_League
cuetracker.net/Statistics/Centuries/Most-Made/All-time,cuetracker.net/Statistics/Centuries/Most-Made/All-time
runkeeper.com/user/jeffhoremans/fitnessReports/cardio,runkeeper.com/user/jeffhoremans/fitnessReports/cardio
sporza.be/cm/sporza,sporza.be/cm/sporza/voetbal/Jupiler_Pro_League
www.kuleuven.be/kuleuven,www.kuleuven.be/kuleuven
sporza.be/cm/sporza/voetbal,sporza.be/cm/sporza/voetbal/Jupiler_Pro_League/2.5199
sporza.be/cm/sporza/voetbal/Jupiler_Pro_League/2.5029,sporza.be/cm/sporza/voetbal/Jupiler_Pro_League/2.5029
www.kuleuven.be/sport,www.kuleuven.be/sport/sportaanbod/individuele-sporten/badminton
www.kuleuven.be/sport/sportaanbod/index.htm,www.kuleuven.be/sport/sportaanbod/index.htm
www.ucll.be/studeren/student-aan-ucll/diensten-voor-studenten/diensten-voor-studenten-leuven,www.ucll.be/studeren/student-aan-ucll/diensten-voor-studenten/diensten-voor-studenten-leuven-0/sport-leuven
sporza.be/cm/sporza/videozone/programmas/extratime,sporza.be/cm/sporza/videozone/programmas/extratime
kvcwesterlo.be/a-kern/kalender,kvcwesterlo.be/a-kern/kalender
stratenlopen.be/index.php,stratenlopen.be/index.php
www.worldsnooker.com,www.worldsnooker.com/news
cuetracker.net,cuetracker.net/Statistics
sporza.be/cm/sporza,sporza.be/cm/sporza/voetbal/Jupiler_Pro_League
www.quizarchief.be,www.quizarchief.be
sporza.be/cm/sporza,sporza.be/cm/sporza/voetbal/Jupiler_Pro_League
www.worldsnooker.com,www.worldsnooker.com/news
deredactie.be/cm/vrtnieuws/cultuur%2Ben%2Bmedia,deredactie.be/cm/vrtnieuws/cultuur%2Ben%2Bmedia/film
www.ucll.be/studeren/student-aan-ucll/campussen/campus-hertogstraat/sporthal/sportaanbod-heverlee,www.ucll.be/studeren/student-aan-ucll/campussen/campus-hertogstraat/sporthal/sportaanbod-heverlee/badminton
cuetracker.net,cuetracker.net/Statistics
cuetracker.net/Statistics,cuetracker.net/Statistics/Centuries/Most-Made/All-time
runkeeper.com/home,runkeeper.com/home
sporza.be/cm/sporza/voetbal,sporza.be/cm/sporza/voetbal/Jupiler_Pro_League/2.5199
www.kuleuven.be/kuleuven,www.kuleuven.be/kuleuven
www.worldsnooker.com,www.worldsnooker.com/news
sporza.be/cm/sporza/voetbal/Jupiler_Pro_League/2.5199,sporza.be/cm/sporza/voetbal/Jupiler_Pro_League/2.5199
sporza.be/cm/sporza/voetbal,sporza.be/cm/sporza/voetbal/Jupiler_Pro_League/2.5199
www.ucll.be/studeren/student-aan-ucll/diensten-voor-studenten/diensten-voor-studenten-leuven-0/sport-leuven,www.ucll.be/studeren/student-aan-ucll/diensten-voor-studenten/diensten-voor-studenten-leuven-0/sport-leuven
sporza.be/cm/sporza/tennis,sporza.be/cm/sporza/tennis
cuetracker.net/Statistics/Tournaments/Won/All-time,cuetracker.net/Statistics/Tournaments/Won/All-time
www.westerlo.be,www.westerlo.be
sporza.be/cm/sporza,sporza.be/cm/sporza/voetbal/Jupiler_Pro_League
www.ucll.be/studeren/student-aan-ucll/diensten-voor-studenten/diensten-voor-studenten-leuven-0/sport-leuven,www.ucll.be/studeren/student-aan-ucll/diensten-voor-studenten/diensten-voor-studenten-leuven-0/sport-leuven
www.kuleuven.be/sport/sportaanbod/index.htm,www.kuleuven.be/sport/sportaanbod/index.htm
deredactie.be/cm/vrtnieuws/cultuur%2Ben%2Bmedia,deredactie.be/cm/vrtnieuws/cultuur%2Ben%2Bmedia/film
sporza.be/cm/sporza/voetbal/Jupiler_Pro_League,sporza.be/cm/sporza/voetbal/Jupiler_Pro_League/2.5199
www.quiz-kalender.be,www.quiz-kalender.be/provincie-antwerpen
www.kuleuven.be/sport,www.kuleuven.be/sport/sportaanbod/individuele-sporten/badminton
www.alma.be/nl/campusarenberg,www.alma.be/nl/campusarenberg
cuetracker.net,cuetracker.net/Statistics
sporza.be/cm/sporza,sporza.be/cm/sporza/voetbal/Jupiler_Pro_League
runkeeper.com/user/jeffhoremans/profile,runkeeper.com/user/jeffhoremans/profile
joglog.azurewebsites.net/Jogging/List,joglog.azurewebsites.net/Jogging/List
runkeeper.com/user/jeffhoremans/fitnessReports/cardio,runkeeper.com/user/jeffhoremans/fitnessReports/cardio
